n,input,hls_output,golden,err
0,0,0,0,0
1,0.309017,-0.00016033,-0.000156672,3.65789e-06
2,0.587785,-0.000116329,-0.000110743,5.58647e-06
3,0.809017,0.000627512,0.000636679,9.16701e-06
4,0.951057,0.00258309,0.00259864,1.55501e-05
5,1,0.00583243,0.00584822,1.57868e-05
6,0.951056,0.00936901,0.00938316,1.41487e-05
7,0.809017,0.0107719,0.0107843,1.24024e-05
8,0.587785,0.00672549,0.00673116,5.67455e-06
9,0.309017,-0.00535405,-0.00536015,6.10156e-06
10,-8.74228e-08,-0.0249255,-0.0249402,1.47168e-05
11,-0.309017,-0.0461592,-0.046178,1.88798e-05
12,-0.587785,-0.0573289,-0.0573525,2.35848e-05
13,-0.809017,-0.0426955,-0.0427224,2.68519e-05
14,-0.951056,0.0131424,0.013119,2.33995e-05
15,-1,0.119563,0.11955,1.28075e-05
16,-0.951056,0.274862,0.274858,3.66569e-06
17,-0.809017,0.463839,0.463842,3.09944e-06
18,-0.587785,0.659281,0.659295,1.44839e-05
19,-0.309017,0.827212,0.827241,2.85506e-05
20,1.74846e-07,0.934362,0.934401,3.89218e-05
21,0.309017,0.955596,0.955639,4.29749e-05
22,0.587785,0.879187,0.879233,4.59552e-05
23,0.809017,0.708702,0.708748,4.68493e-05
24,0.951057,0.461468,0.461507,3.87728e-05
25,1,0.164668,0.164692,2.32011e-05
26,0.951056,-0.149467,-0.14946,6.54161e-06
27,0.809017,-0.448113,-0.448124,1.09971e-05
28,0.587785,-0.701349,-0.701381,3.22461e-05
29,0.309017,-0.884658,-0.884704,4.6432e-05
30,-2.38498e-08,-0.980682,-0.980736,5.41806e-05
31,-0.309017,-0.980522,-0.980579,5.76973e-05
32,-0.587785,-0.884541,-0.884593,5.19156e-05
33,-0.809017,-0.701976,-0.702017,4.11272e-05
34,-0.951057,-0.450696,-0.450723,2.63453e-05
35,-1,-0.155299,-0.155308,8.9556e-06
36,-0.951056,0.155299,0.155309,9.28342e-06
37,-0.809017,0.450696,0.450723,2.66135e-05
38,-0.587785,0.701976,0.702017,4.14252e-05
39,-0.309017,0.884541,0.884593,5.19753e-05
40,3.49691e-07,0.980522,0.980579,5.78165e-05
41,0.309017,0.980522,0.980579,5.76973e-05
42,0.587786,0.884541,0.884593,5.20349e-05
43,0.809017,0.701976,0.702017,4.1306e-05
44,0.951056,0.450696,0.450723,2.64645e-05
45,1,0.155299,0.155308,9.0301e-06
46,0.951056,-0.155299,-0.155309,9.23872e-06
47,0.809017,-0.450696,-0.450723,2.66135e-05
48,0.587785,-0.701976,-0.702018,4.14848e-05
49,0.309016,-0.884541,-0.884594,5.22137e-05
50,-6.75532e-07,-0.980522,-0.980579,5.78761e-05
51,-0.309018,-0.980522,-0.980579,5.77569e-05
52,-0.587786,-0.884541,-0.884593,5.20349e-05
53,-0.809018,-0.701976,-0.702017,4.11272e-05
54,-0.951057,-0.450696,-0.450723,2.61962e-05
55,-1,-0.155299,-0.155308,8.83639e-06
56,-0.951057,0.155299,0.155309,9.47714e-06
57,-0.809017,0.450696,0.450723,2.69115e-05
58,-0.587785,0.701976,0.702018,4.1604e-05
59,-0.309017,0.884541,0.884594,5.22733e-05
60,4.76995e-08,0.980522,0.98058,5.80549e-05
61,0.309017,0.980522,0.980579,5.77569e-05
62,0.587785,0.884541,0.884593,5.19156e-05
63,0.809017,0.701976,0.702017,4.09484e-05
64,0.951057,0.450696,0.450722,2.60472e-05
65,1,0.155299,0.155308,8.52346e-06
66,0.951056,-0.155299,-0.155309,9.76026e-06
67,0.809016,-0.450696,-0.450724,2.71499e-05
68,0.587784,-0.701976,-0.702018,4.17829e-05
69,0.309016,-0.884541,-0.884594,5.25713e-05
70,-1.32722e-06,-0.980522,-0.98058,5.81145e-05
71,-0.309018,-0.980522,-0.98058,5.79953e-05
72,-0.587787,-0.884541,-0.884594,5.22733e-05
73,-0.809017,-0.701976,-0.702017,4.14252e-05
74,-0.951056,-0.450696,-0.450723,2.65837e-05
75,-1,-0.155299,-0.155308,9.05991e-06
76,-0.951056,0.155299,0.155309,9.28342e-06
77,-0.809017,0.450696,0.450723,2.67625e-05
78,-0.587785,0.701976,0.702018,4.15444e-05
79,-0.309016,0.884541,0.884594,5.22137e-05
80,6.99382e-07,0.980522,0.980579,5.78165e-05
81,0.309018,0.980522,0.980579,5.75185e-05
82,0.587786,0.884541,0.884593,5.16176e-05
83,0.809018,0.701976,0.702017,4.05312e-05
84,0.951057,0.450696,0.450722,2.5481e-05
85,1,0.155299,0.155307,8.03173e-06
86,0.951056,-0.155299,-0.15531,1.0252e-05
87,0.809016,-0.450696,-0.450724,2.75373e-05
88,0.587785,-0.701976,-0.702018,4.20213e-05
89,0.309017,-0.884541,-0.884594,5.25117e-05
90,-7.15493e-08,-0.980522,-0.980579,5.78761e-05
91,-0.309017,-0.980522,-0.980579,5.77569e-05
92,-0.587786,-0.884541,-0.884593,5.17964e-05
93,-0.809017,-0.701976,-0.702017,4.07696e-05
94,-0.951057,-0.450696,-0.450722,2.58982e-05
95,-1,-0.155299,-0.155308,8.46386e-06
96,-0.951056,0.155299,0.155309,9.84967e-06
97,-0.809016,0.450696,0.450724,2.72095e-05
98,-0.587784,0.701976,0.702018,4.17829e-05
99,-0.309016,0.884541,0.884594,5.23925e-05
100,1.35106e-06,0.980522,0.980579,5.78761e-05
101,0.309018,0.980522,0.980579,5.78165e-05
102,0.587787,0.884541,0.884593,5.19753e-05
103,0.809018,0.701976,0.702017,4.11272e-05
104,0.951057,0.450696,0.450723,2.62856e-05
105,1,0.155299,0.155308,8.88109e-06
106,0.951056,-0.155299,-0.155309,9.35793e-06
107,0.809016,-0.450696,-0.450723,2.67625e-05
108,0.587783,-0.701976,-0.702018,4.15444e-05
109,0.309015,-0.884541,-0.884594,5.22137e-05
110,-2.63058e-06,-0.980522,-0.980579,5.77569e-05
111,-0.30902,-0.980522,-0.980579,5.75185e-05
112,-0.587785,-0.884542,-0.884593,5.1558e-05
113,-0.809017,-0.701976,-0.702017,4.04119e-05
114,-0.951056,-0.450696,-0.450722,2.5332e-05
115,-1,-0.155299,-0.155307,7.94232e-06
116,-0.951057,0.1553,0.15531,1.01179e-05
117,-0.809017,0.450697,0.450724,2.72095e-05
118,-0.587785,0.701977,0.702018,4.1604e-05
119,-0.309017,0.884542,0.884594,5.23329e-05
120,9.5399e-08,0.980521,0.980579,5.84126e-05
121,0.309017,0.98052,0.980579,5.9247e-05
122,0.587786,0.884538,0.884592,5.44786e-05
123,0.809017,0.701971,0.702016,4.47631e-05
124,0.951057,0.45069,0.450721,3.05772e-05
125,1,0.155293,0.155307,1.32471e-05
126,0.951056,-0.155305,-0.15531,5.61774e-06
127,0.809016,-0.4507,-0.450724,2.40505e-05
